65111 yeah
65112 year
65113 yearn
65114 yeast
65115 yeasty
65116 yeats
65121 yell
65122 yelp
65123 yemen
65124 yen
65125 yet
65126 yf
65131 yg
65132 yh
65133 yi
65134 yield
65135 yin
65136 yip
65141 yj
65142 yk
65143 yl
65144 ym
65145 ymca
65146 yn
65151 yo
65152 yodel
65153 yoder
65154 yoga
65155 yogi
65156 yoke
65161 yokel
65162 yolk
65163 yon
65164 yond
65165 yore
65166 york
65211 yost
65212 you
65213 you'd
65214 young
65215 your
65216 youth
65221 yow
65222 yp
65223 yq
65224 yr
65225 ys
65226 yt
65231 yu
65232 yucca
65233 yuck
65234 yuh
65235 yuki
65236 yukon
65241 yule
65242 yv
65243 yves
65244 yw
65245 ywca
65246 yx
65251 yy
65252 yyy
65253 yyyy
65254 yz
65255 z
65256 z's
65261 za
65262 zag
65263 zaire
65264 zan
65265 zap
65266 zazen
65311 zb
65312 zc
65313 zd
65314 ze
65315 zeal
65316 zealot
65321 zebra
65322 zeiss
65323 zen
65324 zero
65325 zest
65326 zesty
65331 zeta
65332 zeus
65333 zf
65334 zg
65335 zh
65336 zi
65341 zig
65342 zilch
65343 zinc
65344 zing
65345 zion
65346 zip
65351 zj
65352 zk
65353 zl
65354 zloty
65355 zm
65356 zn
65361 zo
65362 zoe
65363 zomba
65364 zone
65365 zoo
65366 zoom
65411 zorn
65412 zp
65413 zq
65414 zr
65415 zs
65416 zt
65421 zu
65422 zurich
65423 zv
65424 zw
65425 zx
65426 zy
65431 zz
65432 zzz
65433 zzzz
65434 0
65435 1
65436 2
65441 3
65442 4
65443 5
65444 6
65445 7
65446 8
65451 9
65452 10
65453 11
65454 12
65455 13
65456 14
65461 15
65462 16
65463 17
65464 18
65465 19
65466 20
65511 21
65512 22
65513 23
65514 24
65515 25
65516 26
65521 27
65522 28
65523 29
65524 30
65525 31
65526 32
65531 33
65532 34
65533 35
65534 36
65535 37
65536 38
65541 39
65542 40
65543 41
65544 42
65545 43
65546 44
65551 45
65552 46
65553 47
65554 48
65555 49
65556 50
65561 51
65562 52
65563 53
65564 54
65565 55
65566 56
65611 57
65612 58
65613 59
65614 60
65615 61
65616 62
65621 63
65622 64
65623 65
65624 66
65625 67
65626 68
65631 69
65632 70
65633 71
65634 72
65635 73
65636 74
65641 75
65642 76
65643 77
65644 78
65645 79
65646 80
65651 81
65652 82
65653 83
65654 84
65655 85
65656 86
65661 87
65662 88
65663 89
65664 90
65665 91
65666 92