111 yeah
112 year
113 yearn
114 yeast
115 yeasty
116 yeats
121 yell
122 yelp
123 yemen
124 yen
125 yet
126 yf
131 yg
132 yh
133 yi
134 yield
135 yin
136 yip
141 yj
142 yk
143 yl
144 ym
145 ymca
146 yn
151 yo
152 yodel
153 yoder
154 yoga
155 yogi
156 yoke
161 yokel
162 yolk
163 yon
164 yond
165 yore
166 york
211 yost
212 you
213 you'd
214 young
215 your
216 youth
221 yow
222 yp
223 yq
224 yr
225 ys
226 yt
231 yu
232 yucca
233 yuck
234 yuh
235 yuki
236 yukon
241 yule
242 yv
243 yves
244 yw
245 ywca
246 yx
251 yy
252 yyy
253 yyyy
254 yz
255 z
256 z's
261 za
262 zag
263 zaire
264 zan
265 zap
266 zazen
311 zb
312 zc
313 zd
314 ze
315 zeal
316 zealot
321 zebra
322 zeiss
323 zen
324 zero
325 zest
326 zesty
331 zeta
332 zeus
333 zf
334 zg
335 zh
336 zi
341 zig
342 zilch
343 zinc
344 zing
345 zion
346 zip
351 zj
352 zk
353 zl
354 zloty
355 zm
356 zn
361 zo
362 zoe
363 zomba
364 zone
365 zoo
366 zoom
411 zorn
412 zp
413 zq
414 zr
415 zs
416 zt
421 zu
422 zurich
423 zv
424 zw
425 zx
426 zy
431 zz
432 zzz
433 zzzz
434 0
435 1
436 2
441 3
442 4
443 5
444 6
445 7
446 8
451 9
452 10
453 11
454 12
455 13
456 14
461 15
462 16
463 17
464 18
465 19
466 20
511 21
512 22
513 23
514 24
515 25
516 26
521 27
522 28
523 29
524 30
525 31
526 32
531 33
532 34
533 35
534 36
535 37
536 38
541 39
542 40
543 41
544 42
545 43
546 44
551 45
552 46
553 47
554 48
555 49
556 50
561 51
562 52
563 53
564 54
565 55
566 56
611 57
612 58
613 59
614 60
615 61
616 62
621 63
622 64
623 65
624 66
625 67
626 68
631 69
632 70
633 71
634 72
635 73
636 74
641 75
642 76
643 77
644 78
645 79
646 80
651 81
652 82
653 83
654 84
655 85
656 86
661 87
662 88
663 89
664 90
665 91
666 92
