111 93
112 94
113 95
114 96
115 97
116 98
121 99
122 100
123 101
124 111
125 123
126 200
131 222
132 234
133 300
134 333
135 345
136 400
141 444
142 456
143 500
144 555
145 567
146 600
151 666
152 678
153 700
154 777
155 789
156 800
161 888
162 900
163 999
164 1000
165 1111
166 1234
211 1492
212 1500
213 1600
214 1700
215 1776
216 1800
221 1812
222 1900
223 1910
224 1920
225 1925
226 1930
231 1935
232 1940
233 1945
234 1950
235 1955
236 1960
241 1965
242 1970
243 1975
244 1980
245 1985
246 1990
251 1991
252 1992
253 1993
254 1994
255 1995
256 1996
261 1997
262 2000
263 2001
264 2020
265 2222
266 2345
311 2468
312 3000
313 3333
314 3456
315 4000
316 4321
321 4444
322 4567
323 5000
324 5555
325 5678
326 6000
331 6666
332 6789
333 7000
334 7777
335 8000
336 8888
341 9000
342 9876
343 9999
344 100th
345 101st
346 10th
351 11th
352 12th
353 13th
354 14th
355 15th
356 16th
361 17th
362 18th
363 19th
364 1st
365 20th
366 21st
411 22nd
412 23rd
413 24th
414 25th
415 26th
416 27th
421 28th
422 29th
423 2nd
424 30th
425 31st
426 32nd
431 33rd
432 34th
433 35th
434 36th
435 37th
436 38th
441 39th
442 3rd
443 40th
444 41st
445 42nd
446 43rd
451 44th
452 45th
453 46th
454 47th
455 48th
456 49th
461 4th
462 50th
463 51st
464 52nd
465 53rd
466 54th
511 55th
512 56th
513 57th
514 58th
515 59th
516 5th
521 60th
522 61st
523 62nd
524 63rd
525 65th
526 66th
531 67th
532 68th
533 69th
534 6th
535 70th
536 71st
541 72nd
542 73rd
543 74th
544 75th
545 76th
546 77th
551 78th
552 79th
553 7th
554 80th
555 81st
556 82nd
561 83rd
562 84th
563 85th
564 86th
565 87th
566 88th
611 89th
612 8th
613 90th
614 91st
615 92nd
616 93rd
621 94th
622 95th
623 96th
624 97th
625 98th
626 99th
631 9th
632 !
633 !!
634 "
635 #
636 ##
641 $
642 $$
643 %
644 %%
645 &
646 (
651 ( )
652 )
653 *
654 **
655 +
656 -
661 :
662 ;
663 =
664 ?
665 ??
666 @
